Africa do Sul
507
624
51
601
411
396
483
477
Madagascar
626
667
623
663
397
402
448
450
Congo
500
570
510
576
360
350
410
412
Sudao
537
668
528
622
291
318
341
391
Egito
515
590
518
602
240
250
271
274
Argelia
415
496
423
515
250
233
331
332
Suecia
479
549
475
557
88
62
115
111
Moscou
563
657
567
642
91
103
184
190
Polonia Iugoslavia
529
563
537
557
171
184
203
210
Portugal Espanha
442
516
441
509
174
191
214
216
Inglaterra
388
433
384
429
138
144
169
167
Islandia
410
451
410
447
108
108
126
121
Alemanha
481
518
486
519
136
145
170
177
Oriente Medio
607
682
638
698
213
229
305
278
Aral
669
723
681
731
169
175
216
216
Omsk
661
704
667
714
106
108
163
161
Dudinka
670
755
670
755
65
65
118
118
Siberia
755
800
764
821
76
85
121
129
Vladivostok
836
988
856
940
85
108
127
180
Japao
971
1016
970
1016
186
190
254
251
Tchita
771
855
781
863
140
146
169
171
Mongolia
802
858
799
860
176
181
202
201
China
784
897
785
910
206
218
250
259
India
700
810
700
810
250
250
320
320
Vietna
820
890
820
890
280
280
340
340
Sumatra
813
845
827
866
353
353
402
397
Borneo
885
930
886
937
352
354
387
391
Nova Guine
965
1014
977
1016
392
415
432
448
Australia
810
970
825
962
442
450
530
528
Brasil
220
308
220
308
340
340
420
420
Argentina
192
237
203
233
440
440
522
521
Chile
110
200
110
200
350
350
420
420
Colombia Venezuela
145
228
142
229
301
306
339
340
Mexico
34
180
34
180
230
230
295
295
Nova York
92
220
106
216
108
181
234
238
California
67
157
31
130
148
157
200
202
Vancouver
80
150
80
150
110
110
150
150
Alaska
34
110
14
94
58
74
102
99
Mackenzie
126
268
102
196
76
91
98
118
Ottawa
172
224
153
221
117
132
157
173
Labrador
225
294
225
300
124
124
173
175
Groenlandia
303
474
309
387
34
47
134
112